final_1024 0 0.39279 58 0
final_256 0 0.40142 1 0
final_256 0 0.39971 994 0
final_256 500 0.75027 5736 11.472
final_256 1000 1.01386 12649 12.649
final_256 1500 0.98011 20310 13.54
final_256 2000 0.99804 28328 14.164
final_256 2500 1.00166 36689 14.6756
final_256 3000 0.83478 45483 15.161
final_256 3500 0.98270 54684 15.624
final_256 4000 0.97300 64321 16.08025
final_256 4500 0.98180 74396 16.532444444444444
final_256 5000 0.96705 84891 16.9782
final_256 5500 1.00626 9450 1.7181818181818183
final_256 6000 0.92865 20914 3.4856666666666665
final_256 6500 0.95894 33025 5.0807692307692305
final_256 7000 0.97917 45662 6.523142857142857
final_256 7500 0.97125 58726 7.830133333333333
final_256 8000 0.95670 72338 9.04225
final_256 8500 0.94526 95 0.011176470588235295
final_256 9000 1.00170 14810 1.6455555555555557
final_256 9500 0.94238 30040 3.1621052631578945
final1_256 0 5.54584 139 0
final1_256 0 4.65991 552 0
final1_256 500 3.42443 2359 4.718
final1_256 1000 2.88408 4169 4.169
final_256 10000 0.97151 45959 4.5959
final1_256 1500 2.58078 5973 3.982
final1_256 2000 3.08630 7783 3.8915
final1_256 2500 3.71184 9593 3.8372
final1_256 3000 3.22470 11401 3.800333333333333
final1_256 3500 5.55313 13215 3.775714285714286
final1_256 4000 6.02654 15028 3.757
final1_256 4500 3.52878 16843 3.742888888888889
final1_256 5000 3.17321 18652 3.7304
final1_256 5500 3.16286 20465 3.7209090909090907
final_256 10500 0.94794 62773 5.978380952380952
final1_256 6000 3.68933 22264 3.7106666666666666
final1_256 6500 2.77684 24078 3.7043076923076925
final1_256 7000 2.68410 25894 3.6991428571428573
final1_256 7500 2.21699 27706 3.6941333333333333
